0.014142135623731
0.0509901951359279
0.0529150262212919
0.053851648071345
0.0547722557505166
0.0556776436283003
0.0574456264653803
0.0600000000000001
0.062449979983984
0.0632455532033676
0.0648074069840786
0.0655743852430201
0.0670820393249937
0.0678232998312527
0.07
0.0714142842854286
0.0721110255092798
0.0734846922834953
0.0787400787401181
0.0793725393319377
0.0793725393319377
0.0806225774829855
0.0818535277187245
0.0830662386291807
0.0830662386291808
0.0836660026534076
0.0860232526704262
0.0877496438739212
0.0877496438739212
0.0883176086632784
0.0888819441731559
0.09
0.091104335791443
0.0921954445729288
0.092736184954957
0.0927361849549571
0.0943398113205661
0.0948683298050514
0.0959166304662544
0.0964365076099295
0.0964365076099296
0.0964365076099296
0.0969535971483266
0.0974679434480896
0.0989949493661167
0.099498743710662
0.101980390271856
0.102469507659596
0.102469507659596
0.102469507659596
0.106770782520313
0.106770782520313
0.106770782520313
0.10816653826392
0.108627804912002
0.11
0.11
0.110453610171873
0.110453610171873
0.110453610171873
0.110905365064094
0.110905365064094
0.11180339887499
0.112694276695846
0.114017542509914
0.114017542509914
0.114891252930761
0.115325625946708
0.117473401244707
0.117473401244707
0.117473401244707
0.117898261225516
0.118321595661992
0.118743420870379
0.121243556529821
0.121655250605964
0.122065556157337
0.122474487139159
0.122474487139159
0.122474487139159
0.12328828005938
0.12369316876853
0.124096736459909
0.124899959967968
0.126095202129185
0.126095202129185
0.126095202129185
0.126095202129185
0.126491106406735
0.127279220613579
0.127279220613579
0.127671453348037
0.127671453348037
0.127671453348037
0.127671453348037
0.128452325786651
0.129228479833201
0.13076696830622
0.131909059582729
0.131909059582729
0.134536240470737
0.134536240470737
0.13490737563232
0.13490737563232
0.135277492584687
0.135277492584687
0.136014705087354
0.137113092008021
0.137477270848675
0.137477270848675
0.138202749610852
0.139283882771841
0.139283882771841
0.139642400437689
0.139642400437689
0.140356688476182
0.140712472794703
0.140712472794703
0.141067359796659
0.141774468787578
0.142126704035519
0.14247806848775
0.142828568570857
0.143178210632764
0.14456832294801
0.14560219778561
0.147309198626562
0.147309198626562
0.147648230602334
0.148996644257513
0.148996644257513
0.149666295470958
0.15
0.152970585407784
0.153297097167559
0.153297097167559
0.154272486205415
0.154272486205415
0.15556349186104
0.15556349186104
0.155563491861041
0.156204993518133
0.158113883008419
0.158113883008419
0.158745078663875
0.159059737205869
0.159059737205869
0.159059737205869
0.160312195418814
0.160934769394311
0.162172747402269
0.163401346383682
0.163707055437449
0.16431676725155
0.165227116418583
0.165529453572469
0.16583123951777
0.166132477258361
0.166132477258362
0.166433169770932
0.166733320005331
0.167928556237467
0.168819430161341
0.168819430161341
0.169115345252878
0.17
0.170293863659264
0.172336879396141
0.172916164657906
0.173493515728975
0.173781471969828
0.175214154679352
0.17606816861659
0.177200451466693
0.177482393492988
0.178044938147649
0.178605710994917
0.179722007556114
0.180277563773199
0.180277563773199
0.180831413200251
0.181383571472171
0.181659021245849
0.181659021245849
0.18165902124585
0.182756668824971
0.183030052177231
0.183847763108502
0.18411952639522
0.18411952639522
0.185202591774521
0.185202591774521
0.186547581061776
0.186815416922694
0.187349939951952
0.187882942280559
0.188414436814168
0.188414436814168
0.188414436814168
0.189736659610103
0.19131126469709
0.192093727122985
0.192353840616713
0.195448202856921
0.195448202856921
0.195703857907809
0.195703857907809
0.195703857907809
0.196214168703486
0.19672315572906
0.197484176581315
0.197737199332852
0.198494332412792
0.198494332412792
0.200249843945008
0.200997512422418
0.203224014329016
0.204205778566621
0.204450483002609
0.204939015319192
0.205426385841741
0.205426385841741
0.206155281280883
0.207364413533277
0.207364413533277
0.207364413533277
0.208086520466848
0.208566536146142
0.209045449603669
0.209284495364564
0.20976176963403
0.210237960416286
0.211187120819429
0.211187120819429
0.211896201004171
0.212602916254693
0.214242852856286
0.214476105895272
0.2151743479135
0.2151743479135
0.216794833886788
0.216794833886788
0.217485631709315
0.219317121994613
0.219317121994613
0.221585198061603
0.222261107708929
0.223159136044214
0.224276614920058
0.224499443206436
0.225831795812724
0.227376340018041
0.22781571499789
0.228473193175917
0.228691932520585
0.22956480566498
0.23
0.230651251893416
0.233238075793812
0.235159520326097
0.235372045918796
0.236008474424119
0.236431808350738
0.237065391822594
0.23832750575626
0.239165214862028
0.239791576165636
0.240416305603426
0.241867732448957
0.241867732448957
0.242487113059643
0.244131112314674
0.247588368062799
0.247790233867277
0.251594912508182
0.251793566240283
0.253179778023443
0.253574446662119
0.254165300542777
0.254361946839538
0.255538646783613
0.258843582110896
0.259036676939772
0.259807621135332
0.259807621135332
0.260192236625154
0.260192236625154
0.260768096208106
0.262678510731274
0.26343879744639
0.264952825989835
0.266082693913001
0.267394839142419
0.268886593194975
0.271108834234519
0.271477439209964
0.27459060435492
0.276224546338663
0.276947648482525
0.278747197295327
0.279284800875379
0.280356915377524
0.283019433961698
0.283196045170126
0.284077454226836
0.285482048472404
0.287228132326901
0.292232783924049
0.292916370317536
0.295296461204668
0.295465734053883
0.295465734053883
0.298328677803526
0.300499584026334
0.302324329156619
0.30347981810987
0.306104557300279
0.309192496674806
0.31288975694324
0.31304951684997
0.314483703870328
0.314642654451045
0.31890437438204
0.319530906173409
0.320156211871643
0.32155870381627
0.32310988842807
0.325729949498047
0.325883414736006
0.325883414736006
0.326343377441614
0.32649655434629
0.327719392163479
0.3286335345031
0.330907842155486
0.331963853453957
0.332114438108312
0.333016516106934
0.333616546352246
0.339558536926993
0.344383507154451
0.344818792991333
0.346265793863616
0.352562051276084
0.353977400408557
0.354400902933387
0.354682957019364
0.357071421427142
0.362767142944341
0.365786823163438
0.367559518989782
0.369459064038223
0.370270171631472
0.372692903071684
0.382230297072328
0.38405728739343
0.386005181312376
0.386522961801754
0.390256326021757
0.393319208785943
0.393700393700591
0.39560080889705
0.397366329726111
0.399249295553543
0.399624824053762
0.40137264480779
0.402616442783948
0.404722126896961
0.40767634221279
0.414004830889689
0.414125584816973
0.416773319683494
0.419761837236307
0.424499705535823
0.426614580154031
0.431277173056957
0.435315977193578
0.440794736810684
0.442153819388683
0.447101778122163
0.448218696620299
0.448664685483491
0.451995575199581
0.45365184888855
0.455411901469428
0.460434577328854
0.461519230368573
0.461519230368573
0.465295604965274
0.465617869072913
0.467974358271904
0.473603209448585
0.474868402823351
0.4773887304912
0.478957200593122
0.479791621435806
0.480936586256442
0.493457191659013
0.498096376216491
0.499099188538711
0.499099188538711
0.507050293363489
0.509313263129874
0.510979451641649
0.521248501196886
0.521440312979348
0.528772162656092
0.533197899470731
0.533853912601566
0.543966910758366
0.550272659687904
0.553172667437573
0.561248608016091
0.563116329012043
0.563382640840131
0.579913786695919
0.593211597998556
0.597662111899357
0.597662111899357
0.607124369466422
0.617251974480439
0.623056979737808
0.636867333123626
0.658634952003004
0.676904720030818
0.680661443009665
0.688040696470783
0.702068372738724
0.706186944087754
0.708731260775197
0.710703876449256
0.712600870052795
0.716030725597722
0.734574706888278
0.737156699759285
0.740337760755184
0.744110206891425
0.745788173679363
0.75093275331417
0.769285382676676
0.78064076245095
0.789113426574406
0.820365772079747
0.834865258589672
0.890786169627706
0.966902270139025
0.975704873412037
1.02288806816777
1.05588825166303
1.06023582282434
1.07526740860123
1.13459243783836
1.16215317406958
1.21872884597026
1.30149913561247
1.33195345264014
1.47353316895142
1.478309845736
1.63502293561895
1.68315180539368
