0.0435889894354067
0.0509901951359278
0.0648074069840786
0.0670820393249937
0.0678232998312527
0.0787400787401182
0.0830662386291808
0.0848528137423857
0.09
0.0927361849549571
0.0964365076099296
0.0964365076099296
0.0974679434480896
0.098488578017961
0.098488578017961
0.100498756211209
0.102469507659596
0.10295630140987
0.104403065089105
0.104880884817015
0.11
0.111803398874989
0.112249721603218
0.114017542509914
0.114017542509914
0.114455231422596
0.115325625946708
0.115758369027902
0.117898261225516
0.117898261225516
0.118321595661992
0.11916375287813
0.11916375287813
0.119582607431014
0.119582607431014
0.120415945787923
0.120415945787923
0.124096736459909
0.124899959967968
0.125299640861417
0.127279220613578
0.13076696830622
0.131909059582729
0.13228756555323
0.13228756555323
0.136381816969859
0.136381816969859
0.137477270848675
0.137840487520902
0.137840487520902
0.138924439894498
0.14
0.140356688476182
0.14142135623731
0.142126704035519
0.142126704035519
0.142828568570857
0.14456832294801
0.14456832294801
0.144913767461894
0.145945195193264
0.147986485869487
0.148323969741913
0.148996644257513
0.15
0.151327459504216
0.153297097167559
0.153622914957372
0.153622914957372
0.154272486205415
0.154596248337403
0.1552417469626
0.15556349186104
0.156204993518133
0.157480157480236
0.16062378404209
0.160934769394311
0.161245154965971
0.162172747402269
0.162788205960997
0.164012194668567
0.164012194668567
0.16431676725155
0.16431676725155
0.165227116418583
0.168522995463527
0.17058722109232
0.170880074906351
0.171464281994822
0.171464281994822
0.171464281994822
0.173205080756888
0.174068951855292
0.175783958312469
0.17606816861659
0.17832554500127
0.178605710994918
0.183303027798234
0.186279360101972
0.187349939951952
0.188414436814168
0.188944436276912
0.189208879284245
0.189736659610103
0.191049731745428
0.19157244060668
0.192873015219859
0.193390796058137
0.194679223339318
0.195192212959431
0.19723082923316
0.19824227601599
0.200997512422418
0.201246117974981
0.204450483002609
0.204450483002609
0.204939015319192
0.205426385841741
0.206155281280883
0.206397674405503
0.206397674405503
0.206639783197718
0.21
0.212132034355964
0.213775583264319
0.214476105895272
0.214941852602047
0.215638586528478
0.215638586528478
0.215870331449229
0.216333076527839
0.216794833886788
0.216794833886788
0.217715410570772
0.222036033111745
0.22248595461287
0.223159136044214
0.224053565024081
0.22494443758404
0.22561028345357
0.225831795812724
0.22781571499789
0.228473193175917
0.229128784747792
0.22956480566498
0.23
0.231948270094864
0.233452350598575
0.235372045918796
0.236008474424119
0.238746727726266
0.24
0.241039415863879
0.241453929352993
0.24738633753706
0.249399278266798
0.251197133741609
0.253377189186399
0.255342906696074
0.256904651573303
0.259615099714943
0.26
0.264764045897475
0.266270539113887
0.267020598456374
0.267207784317748
0.27
0.272763633939717
0.285306852353742
0.285306852353742
0.287576076890968
0.287923600977759
0.288790581563873
0.289482296522603
0.29086079144498
0.292232783924049
0.294448637286709
0.294448637286709
0.297153159162073
0.29748949561287
0.298831055949679
0.299499582637439
0.300333148353624
0.307408522978788
0.308220700148449
0.30886890422961
0.30935416596516
0.30935416596516
0.311769145362398
0.312729915422238
0.314324672910034
0.316859590355097
0.318747549010184
0.319374388453426
0.322800247831379
0.32280024783138
0.326802692767364
0.331511689085015
0.335410196624968
0.33555923471125
0.336303434416005
0.336452076825214
0.336452076825214
0.337194306001747
0.337934904974316
0.342052627529741
0.342636833980236
0.350570962859162
0.355387112878337
0.357071421427142
0.367287353444139
0.369594372251527
0.372827037646145
0.373898381916798
0.376031913539263
0.378153408023781
0.379868398264452
0.383927076409049
0.386134691526156
0.398120584747888
0.400998753115268
0.402864741569674
0.403732584763727
0.405215991787096
0.407185461430047
0.407308237088326
0.408656334834051
0.408778668719394
0.410609303352956
0.414004830889689
0.41545156155682
0.417492514902962
0.417971290880127
0.419642705167146
0.426028168082816
0.445084261685358
0.4518849411078
0.452327315115946
0.457602447545902
0.462925479964108
0.474341649025257
0.477598157450382
0.481767578817836
0.485077313425396
0.486312656631513
0.488364617882991
0.502294734194974
0.509705797494986
0.522589705218157
0.545343928177439
0.556776436283002
0.574456264653803
0.581807528311554
0.582494635168428
0.589406481131655
0.599583188556851
0.602245796996542
0.606794858251123
0.617008914036094
0.631901891119183
0.633561362458286
0.635059052372297
0.639843730921856
0.652533524043018
0.659545297913646
0.669477408132642
0.676683086828687
0.679632253501848
0.713161973187017
0.719722168617863
0.739932429347437
0.751199041532935
0.751465235390168
0.753126815350509
0.761642960973185
0.768895311469644
0.776916983982201
0.80037491215055
0.857379729174885
0.943716058992322
0.958175349296777
0.985444062339411
0.992622788374315
1.01474134635384
1.06939235082359
1.07121426428143
1.07819293264239
1.14175303809537
1.25299640861417
1.261982567233
1.34510222659841
1.52495901584272
1.62351470581575
1.64702762575495
