0.0616441400296897
0.0707106781186548
0.0748331477354788
0.0761577310586391
0.09
0.091104335791443
0.0921954445729289
0.0921954445729289
0.0932737905308881
0.0938083151964686
0.0948683298050513
0.0969535971483267
0.1
0.100995049383621
0.103923048454133
0.103923048454133
0.106770782520313
0.107238052947636
0.108627804912002
0.11
0.110905365064094
0.1113552872566
0.11180339887499
0.114455231422596
0.115758369027902
0.116189500386222
0.118321595661992
0.118743420870379
0.119582607431014
0.121243556529821
0.122882057274445
0.124096736459909
0.125299640861417
0.125698050899765
0.126095202129185
0.127279220613579
0.127279220613579
0.127279220613579
0.128452325786651
0.129228479833201
0.13114877048604
0.13114877048604
0.131909059582729
0.134164078649987
0.136014705087354
0.136014705087354
0.136014705087354
0.136014705087354
0.138924439894498
0.139642400437689
0.140712472794703
0.140712472794703
0.141067359796659
0.142828568570857
0.144913767461894
0.146287388383278
0.146628782986152
0.147986485869487
0.149331845230681
0.15
0.15
0.152970585407784
0.152970585407784
0.153948043183407
0.155884572681199
0.156204993518133
0.158113883008419
0.158113883008419
0.158429795177549
0.16062378404209
0.16431676725155
0.167032930884901
0.167928556237467
0.169115345252878
0.173493515728975
0.17464249196573
0.17606816861659
0.176918060129541
0.179164728671689
0.18
0.18411952639522
0.185472369909914
0.186010752377383
0.186547581061776
0.187082869338697
0.187349939951952
0.188148877222268
0.188679622641132
0.188944436276912
0.193390796058137
0.194422220952236
0.194679223339318
0.195448202856921
0.19672315572906
0.198997487421324
0.200748598998847
0.203469899493758
0.204694894904587
0.205669638012031
0.20591260281974
0.206881608655772
0.207605394920267
0.208326666559997
0.208566536146142
0.210237960416286
0.21142374511866
0.214009345590327
0.214009345590327
0.220227155455452
0.220454076850486
0.221359436211787
0.22248595461287
0.223159136044214
0.223383079036887
0.223830292855994
0.225831795812724
0.22781571499789
0.233452350598575
0.233666428910958
0.234520787991172
0.23473389188611
0.236220236220354
0.242487113059643
0.243104915622864
0.243721152139079
0.24576411454889
0.247588368062799
0.247991935352745
0.249399278266799
0.250199920063936
0.253377189186399
0.253574446662119
0.253968501984006
0.254950975679639
0.256124969497314
0.256320112359526
0.256904651573303
0.257487863791675
0.259036676939772
0.259615099714943
0.26
0.260576284415908
0.264764045897474
0.266082693913001
0.267768556779918
0.267955220139485
0.271108834234519
0.27258026340878
0.276043474836845
0.276405499221705
0.279284800875379
0.280178514522438
0.281602556806574
0.281780056072107
0.285482048472404
0.287923600977759
0.294957624075053
0.299666481275434
0.30347981810987
0.30347981810987
0.307571129984594
0.309030742807249
0.309515750810843
0.312729915422238
0.313528308131818
0.315277655408689
0.31890437438204
0.319374388453426
0.319843711834389
0.325269119345812
0.336749164809655
0.338969025133566
0.342052627529741
0.342198772645373
0.342490875790874
0.342782730020052
0.346842903920492
0.348998567332303
0.35
0.350713558335004
0.358747822293042
0.360555127546399
0.362904946232481
0.368510515453766
0.376696164036747
0.378153408023781
0.380525951808809
0.38262252939418
0.383405790253616
0.387298334620742
0.39
0.39255572852781
0.392810386828047
0.39344631145812
0.399499687108764
0.404103947023535
0.405092582010582
0.416773319683494
0.429534631898291
0.433820239269677
0.444747119158742
0.446430285710994
0.454972526643093
0.461519230368573
0.462817458616245
0.467867502611583
0.470319040652194
0.477179211617606
0.480312398340913
0.487031826475437
0.487852436706019
0.490815647672321
0.492645917470144
0.49376107582514
0.496689037527506
0.500599640431353
0.51
0.517493961317424
0.532353266168247
0.549818151755651
0.558032257132148
0.58025856305616
0.580344725141876
0.586003412959344
0.588812364000621
0.618789140176199
0.631585306985525
0.637573525171803
0.645290632196067
0.649846135635198
0.651996932508122
0.654140657657052
0.676017751246223
0.694406221170289
0.695844810284592
0.720277724214764
0.723118247591637
0.764395185751454
0.793347338811948
0.798623816324056
0.81700673191841
0.818840643837371
0.853404944911851
0.884872872225158
0.91016482023862
0.957601169589929
1.02112682855755
1.02693719379522
1.05744976240009
1.10158976030099
1.16129238351072
1.21527774603175
1.25499003980111
1.32687603038114
1.32872118971589
1.53886321679349
1.66520269036535
