0.0316227766016838
0.0424264068711928
0.0424264068711929
0.0479583152331272
0.0509901951359278
0.0547722557505167
0.0714142842854285
0.0714142842854286
0.0734846922834953
0.0761577310586391
0.0781024967590666
0.0793725393319377
0.0806225774829855
0.0806225774829855
0.0812403840463595
0.0812403840463596
0.0818535277187245
0.0836660026534075
0.0836660026534076
0.0848528137423857
0.0860232526704262
0.0905538513813742
0.0916515138991168
0.0974679434480896
0.0974679434480897
0.0989949493661166
0.099498743710662
0.100995049383621
0.101488915650922
0.104403065089105
0.104880884817015
0.104880884817015
0.104880884817015
0.105356537528527
0.106301458127347
0.107238052947636
0.10770329614269
0.10816653826392
0.10816653826392
0.108627804912002
0.109544511501033
0.111803398874989
0.112249721603218
0.112249721603218
0.113578166916005
0.114017542509914
0.114455231422596
0.115758369027902
0.117473401244707
0.118321595661992
0.11916375287813
0.121655250605964
0.122065556157337
0.122474487139159
0.125299640861417
0.126095202129185
0.126885775404495
0.128062484748657
0.13
0.13
0.13228756555323
0.133790881602597
0.134164078649987
0.135277492584687
0.136381816969859
0.136381816969859
0.138924439894498
0.139283882771841
0.140356688476182
0.140712472794703
0.140712472794703
0.141067359796659
0.14247806848775
0.14247806848775
0.143874945699382
0.14456832294801
0.14456832294801
0.144913767461894
0.144913767461894
0.14560219778561
0.145945195193264
0.146287388383278
0.147309198626562
0.148323969741913
0.148996644257513
0.148996644257513
0.150665191733194
0.150996688705415
0.151327459504216
0.151986841535707
0.152643375224738
0.152970585407784
0.153297097167559
0.153622914957372
0.154272486205415
0.154272486205415
0.154596248337403
0.156843871413581
0.156843871413581
0.158113883008419
0.159373774505092
0.159373774505092
0.159687194226713
0.16062378404209
0.160934769394311
0.161245154965971
0.161554944214035
0.161864140562386
0.161864140562386
0.163095064303001
0.16583123951777
0.166433169770932
0.167928556237467
0.168819430161341
0.169115345252878
0.171172427686237
0.171464281994822
0.173205080756888
0.175499287747842
0.17606816861659
0.17606816861659
0.177482393492988
0.177763888346312
0.178044938147649
0.17832554500127
0.17832554500127
0.17832554500127
0.17832554500127
0.179164728671689
0.180554700852678
0.180554700852678
0.181659021245849
0.18165902124585
0.182756668824971
0.183847763108502
0.185202591774521
0.186547581061776
0.186815416922694
0.187882942280559
0.188148877222268
0.188414436814168
0.188944436276912
0.190262975904404
0.193907194296653
0.194679223339318
0.195448202856921
0.196468827043885
0.196468827043885
0.196468827043885
0.196977156035922
0.198997487421324
0.1994993734326
0.200748598998847
0.200997512422418
0.201246117974981
0.20174241001832
0.202484567313166
0.202484567313166
0.204205778566621
0.204694894904587
0.20712315177208
0.21
0.211187120819429
0.21142374511866
0.216101827849743
0.216333076527839
0.216333076527839
0.216794833886788
0.218403296678416
0.22113344387496
0.22248595461287
0.22293496809608
0.223830292855994
0.224053565024081
0.226053091109146
0.226495033058122
0.226495033058122
0.227596133534821
0.22781571499789
0.228035085019828
0.228473193175917
0.228691932520585
0.22956480566498
0.230217288664427
0.231732604525129
0.232379000772445
0.232379000772445
0.2343074902772
0.2343074902772
0.234520787991171
0.235796522451032
0.236008474424119
0.237276210354093
0.237697286480094
0.23832750575626
0.23895606290697
0.239374184071716
0.24454038521275
0.245560583156173
0.248596057893121
0.248596057893121
0.249198715887542
0.250199920063936
0.250998007960223
0.251793566240283
0.255538646783613
0.257487863791675
0.257487863791675
0.257875939164553
0.260384331325831
0.260384331325831
0.260576284415908
0.26153393661244
0.261916017074176
0.262868788561898
0.263818119165458
0.264952825989835
0.265706605111728
0.266270539113887
0.267394839142419
0.271661554144122
0.271845544381364
0.274772633280682
0.275680975041804
0.279463772249642
0.279821371592664
0.280535202782111
0.288790581563873
0.288963665535998
0.290344622819159
0.29086079144498
0.29086079144498
0.291547594742265
0.292403830344269
0.298998327754521
0.300832179129826
0.308382878902185
0.311287648325468
0.312089730686545
0.313209195267317
0.317017349682947
0.317962261911693
0.319530906173409
0.323573793747269
0.324037034920393
0.329545141065682
0.334065861769801
0.337786915081091
0.338082830087539
0.340147027033899
0.340293990543471
0.340734500748016
0.341027858099599
0.342490875790874
0.34554305086342
0.347275107083707
0.347994252826106
0.348568501158668
0.354964786985977
0.355949434611154
0.357071421427142
0.359304884464434
0.362904946232481
0.37
0.375366487582469
0.378153408023781
0.378285606387555
0.380263066836631
0.381968585095686
0.38314488121336
0.386652298583624
0.39420806688854
0.394208066888541
0.398246155034798
0.399124040869502
0.399874980462644
0.402243707222375
0.403856410126173
0.405585995813465
0.419404339510215
0.420713679359253
0.422137418384109
0.422610932182309
0.424028300942284
0.432087954009366
0.446094160463909
0.446206230346462
0.447101778122163
0.448776113446337
0.449666543118342
0.453541618817943
0.454642716866772
0.459456200306406
0.461410879802373
0.471487009365051
0.471911008559877
0.472228758124704
0.475920161371632
0.4773887304912
0.477807492616012
0.487339717240448
0.493051721424842
0.497795138586146
0.498598034492716
0.500199960015992
0.502493781056044
0.509411425078001
0.518362807307777
0.519133894096697
0.538052042092584
0.552358579185659
0.556147462459373
0.55874860178796
0.565420197729087
0.572363520850167
0.578100337311785
0.58025856305616
0.592114853723498
0.592452529743945
0.601498129672903
0.602245796996542
0.612617335699864
0.625299928034539
0.629205848669575
0.6308724118235
0.66015149776396
0.674536878161602
0.675943784644848
0.688621812027473
0.700071424927485
0.707177488329486
0.708872343937891
0.726291952316697
0.72691127381545
0.747930478052606
0.747930478052606
0.758551250740515
0.765963445602987
0.788542960148653
0.800936951326382
0.803803458564343
0.849646985518103
0.850705589496155
0.85871997764114
0.860755482120213
0.901221393443365
1.01183002525128
1.02922300790451
1.02922300790451
1.07275346655231
1.09685915230717
1.16777566338745
1.27267434954901
1.29209132804148
1.32022725316515
1.37419067090415
1.52829970882677
1.56668439706279
1.72270136703957
