0.04
0.076157731058639
0.0793725393319377
0.0812403840463596
0.0842614977317635
0.0842614977317636
0.09
0.100498756211209
0.100995049383621
0.104403065089106
0.105356537528527
0.108627804912002
0.11
0.112249721603218
0.115758369027902
0.116189500386222
0.117046999107196
0.117898261225516
0.11916375287813
0.120415945787923
0.120830459735946
0.126885775404495
0.127279220613579
0.127279220613579
0.134164078649987
0.137840487520902
0.14
0.142126704035519
0.144913767461894
0.14560219778561
0.147309198626562
0.147986485869487
0.148660687473185
0.148660687473185
0.150332963783729
0.151657508881031
0.153948043183407
0.154272486205415
0.15556349186104
0.159373774505092
0.16062378404209
0.163095064303001
0.163401346383682
0.163401346383682
0.164924225024706
0.165227116418583
0.166132477258362
0.170293863659264
0.171172427686237
0.172046505340853
0.173205080756888
0.174928556845359
0.175783958312469
0.178044938147649
0.178605710994918
0.178605710994918
0.179443584449264
0.182208671582886
0.182756668824971
0.184932420089069
0.187349939951952
0.188148877222268
0.188148877222268
0.188148877222268
0.191049731745428
0.192093727122985
0.194679223339318
0.197484176581315
0.1994993734326
0.199749843554382
0.200249843945008
0.203469899493758
0.204205778566621
0.204450483002609
0.206397674405503
0.206881608655772
0.20712315177208
0.207364413533277
0.208806130178211
0.209284495364564
0.212837966537928
0.214476105895272
0.215870331449229
0.215870331449229
0.22
0.221810730128188
0.222934968096079
0.225166604983954
0.22561028345357
0.225831795812724
0.226053091109146
0.227156333832011
0.228473193175917
0.231084400165827
0.232808934536456
0.235584379787795
0.235584379787795
0.238117617995813
0.241039415863879
0.24738633753706
0.249198715887542
0.249198715887542
0.250798724079689
0.253377189186398
0.25377155080899
0.254165300542777
0.263248931621764
0.264952825989835
0.267394839142419
0.267581763205193
0.267955220139485
0.27
0.270370116691916
0.271477439209965
0.271845544381364
0.27258026340878
0.281247222208505
0.281780056072107
0.284604989415154
0.285131548587665
0.286181760425084
0.288617393793236
0.289136645896019
0.289136645896019
0.290172362570938
0.29034462281916
0.292403830344269
0.292403830344269
0.294957624075053
0.29732137494637
0.303644529013779
0.305777697028413
0.309192496674806
0.314642654451045
0.314801524773944
0.315277655408689
0.31543620591175
0.325269119345812
0.326343377441614
0.330454232837166
0.331058907144937
0.332415402771893
0.338082830087539
0.338821486921948
0.339852909359329
0.342490875790874
0.348568501158667
0.348855270850248
0.354682957019364
0.357351367704113
0.357631094844953
0.361386219991853
0.369459064038223
0.371752605908822
0.376828873628336
0.380263066836631
0.386005181312376
0.386781592116274
0.389358446678636
0.393573373083089
0.398873413503583
0.414487635521254
0.417372735094184
0.417731971484108
0.419285105864733
0.425675933075855
0.426731765867037
0.431161222746202
0.435660418215839
0.440113621693308
0.446094160463909
0.447437146423942
0.45
0.464973117502507
0.477179211617606
0.486209831245729
0.486826457785523
0.487339717240448
0.493457191659013
0.49749371855331
0.507838557023785
0.5131276644267
0.521727898429823
0.52373657500694
0.529433659677962
0.54644304369257
0.550545184340032
0.552901437871163
0.557673739743947
0.558300994088314
0.567538544946508
0.591269819963779
0.605805249234438
0.61
0.611146463623901
0.614817045957576
0.620161269348546
0.643039656630911
0.645445582524197
0.680220552468095
0.684835746730557
0.724706837279738
0.738308878451289
0.74766302570075
0.759473501841901
0.795612971236643
0.795612971236643
0.837973746605465
0.852877482408816
0.855978971704329
0.859360227145753
0.937976545548981
0.947100839404126
0.962652585307909
0.970463806640928
0.987876510501186
1.04928547116597
1.08443533693808
1.15126017910809
1.23174672721303
1.29745905523065
1.33813302776667
1.48158698698389
1.54502427165401
1.62218987791195
