0.0412310562561766
0.0424264068711928
0.05
0.0600000000000001
0.06557438524302
0.0678232998312527
0.0700000000000001
0.0728010988928052
0.0734846922834953
0.0774596669241483
0.0774596669241484
0.0812403840463597
0.0818535277187245
0.0830662386291807
0.0836660026534075
0.0854400374531752
0.0854400374531753
0.0866025403784438
0.0877496438739212
0.09
0.0948683298050513
0.0948683298050514
0.0948683298050515
0.0953939201416946
0.0969535971483266
0.0974679434480897
0.0974679434480897
0.0989949493661166
0.0989949493661167
0.101488915650922
0.102469507659596
0.10295630140987
0.105356537528527
0.106301458127346
0.106301458127347
0.107238052947636
0.108627804912002
0.109087121146357
0.109544511501033
0.110905365064094
0.1113552872566
0.112249721603218
0.114455231422596
0.115758369027902
0.116189500386222
0.117046999107196
0.119582607431014
0.120415945787923
0.122474487139159
0.122474487139159
0.12328828005938
0.124498995979887
0.126095202129185
0.126885775404495
0.126885775404495
0.127279220613579
0.128062484748657
0.128062484748657
0.128840987267251
0.129228479833201
0.13
0.13
0.131909059582729
0.133416640641263
0.133790881602597
0.135277492584687
0.137113092008021
0.138202749610853
0.139283882771841
0.140712472794703
0.141067359796659
0.141067359796659
0.14142135623731
0.142828568570857
0.143178210632764
0.14422205101856
0.14456832294801
0.145258390463339
0.14560219778561
0.145945195193264
0.146628782986152
0.147648230602334
0.147986485869487
0.148323969741913
0.148996644257513
0.149331845230681
0.151986841535707
0.154596248337403
0.1552417469626
0.156204993518133
0.156524758424985
0.157162336455017
0.158429795177549
0.158745078663875
0.159373774505092
0.159373774505092
0.159687194226713
0.161864140562386
0.164012194668567
0.164012194668567
0.16431676725155
0.167630546142402
0.167630546142402
0.168226038412607
0.169115345252878
0.169410743460974
0.172626765016321
0.172916164657906
0.17464249196573
0.17464249196573
0.175783958312469
0.177200451466694
0.177482393492988
0.178044938147649
0.179722007556114
0.179722007556114
0.18
0.180554700852678
0.180831413200251
0.181107702762748
0.18165902124585
0.18165902124585
0.18165902124585
0.182208671582886
0.18411952639522
0.186010752377383
0.186815416922694
0.187082869338697
0.188679622641132
0.190262975904404
0.192353840616713
0.194422220952236
0.194422220952236
0.194422220952236
0.194422220952236
0.194679223339318
0.195192212959431
0.196214168703486
0.196214168703486
0.196468827043885
0.196468827043885
0.197737199332852
0.200249843945008
0.200499376557634
0.200499376557634
0.201494416796099
0.201494416796099
0.202484567313166
0.202484567313166
0.205426385841741
0.205426385841741
0.205669638012031
0.20712315177208
0.210237960416286
0.21142374511866
0.212132034355964
0.213072757526625
0.213541565040626
0.214009345590327
0.214242852856285
0.215638586528478
0.217944947177034
0.218632111090754
0.218632111090754
0.219317121994613
0.220454076850486
0.220680764907139
0.22113344387496
0.222261107708929
0.222261107708929
0.22293496809608
0.224499443206437
0.224722050542442
0.22781571499789
0.228691932520585
0.230217288664427
0.231084400165827
0.234520787991171
0.235159520326097
0.236008474424119
0.237276210354093
0.240624188310319
0.240831891575846
0.241246761636296
0.244335834457412
0.246170672501823
0.246779253585061
0.25
0.250798724079689
0.251594912508182
0.252586618806302
0.255147016443461
0.255929677841395
0.256515106767613
0.256709953059869
0.256904651573303
0.257099202643649
0.258069758011279
0.260576284415908
0.264764045897475
0.265894716006167
0.266458251889484
0.266645832519468
0.267207784317748
0.26944387170615
0.269629375254255
0.273861278752583
0.274408454680245
0.276043474836845
0.276043474836845
0.276767050061961
0.278926513619627
0.279642629082191
0.281780056072107
0.282311884269862
0.284429253066558
0.287228132326901
0.287749891398763
0.294957624075052
0.296816441593117
0.29698484809835
0.305614135798723
0.30886890422961
0.309030742807249
0.30935416596516
0.3104834939252
0.314483703870328
0.31890437438204
0.320780298646909
0.320936130717624
0.321714158842908
0.324653661614959
0.325115364140177
0.32832910318764
0.330605505096331
0.336005952328229
0.336154726279432
0.339116499156263
0.340587727318528
0.345687720348872
0.346987031457949
0.350428309358705
0.351283361405006
0.353128871660191
0.356230262611138
0.356510869399518
0.357910603363466
0.358050275799363
0.359444015112229
0.360555127546399
0.361386219991853
0.365239647354994
0.368374809127877
0.371887079635741
0.372155881318568
0.373095162123553
0.374032084185301
0.376563407675254
0.376696164036747
0.377491721763537
0.378153408023781
0.380263066836631
0.381706693679846
0.381968585095686
0.383927076409049
0.384447655734822
0.390128184062623
0.391279950930277
0.392300904918661
0.404103947023535
0.408289113251872
0.410609303352956
0.414969878424929
0.418330013267038
0.418449519058154
0.426380112106557
0.426848919408261
0.427200187265877
0.429185274677499
0.43058100283222
0.432897216438267
0.437149859887888
0.439886348958455
0.453321078265726
0.463788745012209
0.467225855448947
0.470106370941726
0.470531614240744
0.478434948556227
0.478434948556227
0.487134478352744
0.489795875850338
0.49376107582514
0.512640224719052
0.51555795018601
0.519133894096696
0.522206855565876
0.528299157674892
0.536842621258782
0.538330753347791
0.540555270069583
0.554797260267208
0.55578772926361
0.557763390695374
0.566921511322335
0.567362318100171
0.574717321820041
0.58025856305616
0.580861429258304
0.581377674149945
0.594390444068543
0.596238207430554
0.597829407105405
0.619515940069342
0.6288083968905
0.63103090257134
0.638592201643584
0.64319514923544
0.654446330878247
0.658331223625311
0.676165660175079
0.680955211449329
0.689492567037528
0.724844810976805
0.727530068107154
0.751065909225016
0.751398695766768
0.766876782801514
0.781728853247723
0.793914353063352
0.82176639016207
0.832766473868875
0.856446145417212
0.903935838431025
0.914549069213894
0.970721381241806
0.981172767661231
1.01197826063607
1.03595366691759
1.04220919205311
1.06541071892487
1.07280007457121
1.17868570874513
1.25251746494809
1.27216351150314
1.3212872511305
1.34186437466683
1.47705788647568
1.63327891065794
