0.02
0.0316227766016838
0.033166247903554
0.0547722557505166
0.0547722557505167
0.0556776436283003
0.058309518948453
0.06
0.06557438524302
0.0670820393249937
0.0692820323027551
0.0714142842854285
0.0734846922834953
0.0734846922834954
0.0754983443527075
0.0761577310586391
0.0787400787401181
0.0787400787401181
0.0793725393319377
0.0806225774829855
0.0806225774829855
0.0812403840463596
0.0866025403784438
0.0871779788708135
0.0883176086632784
0.09
0.0905538513813742
0.0916515138991168
0.0921954445729289
0.0932737905308881
0.0948683298050513
0.0948683298050514
0.0948683298050514
0.0959166304662544
0.0964365076099295
0.0964365076099295
0.0969535971483266
0.0989949493661167
0.0994987437106619
0.1
0.100498756211209
0.100995049383621
0.100995049383621
0.100995049383621
0.100995049383621
0.102469507659596
0.102469507659596
0.105356537528527
0.106770782520313
0.107238052947636
0.108627804912002
0.11
0.110905365064094
0.110905365064094
0.1113552872566
0.113578166916006
0.114891252930761
0.115758369027902
0.115758369027902
0.115758369027902
0.115758369027902
0.116189500386223
0.117473401244707
0.118321595661992
0.119582607431014
0.119582607431014
0.119582607431014
0.120415945787923
0.120415945787923
0.120830459735946
0.120830459735946
0.120830459735946
0.121243556529821
0.122474487139159
0.122474487139159
0.122474487139159
0.122474487139159
0.12369316876853
0.124096736459909
0.125299640861417
0.125698050899765
0.125698050899765
0.126095202129185
0.126885775404495
0.127279220613578
0.127671453348037
0.128062484748657
0.128452325786651
0.129228479833201
0.129614813968157
0.130384048104053
0.13076696830622
0.131529464379659
0.131909059582729
0.131909059582729
0.133041346956501
0.133041346956501
0.133416640641263
0.135277492584687
0.135277492584687
0.136747943311773
0.137840487520902
0.138924439894498
0.139642400437689
0.140712472794703
0.141067359796659
0.14142135623731
0.141774468787578
0.143874945699382
0.144913767461894
0.145945195193264
0.148660687473185
0.149331845230681
0.149331845230681
0.150665191733194
0.150996688705415
0.151657508881031
0.151986841535707
0.153622914957372
0.153948043183407
0.15556349186104
0.155884572681199
0.155884572681199
0.156524758424985
0.158113883008419
0.158429795177549
0.158745078663875
0.158745078663875
0.159373774505092
0.159687194226713
0.159687194226713
0.159687194226713
0.16062378404209
0.161554944214035
0.161864140562386
0.162788205960997
0.163707055437449
0.164012194668567
0.16431676725155
0.16431676725155
0.164620776331543
0.166733320005331
0.167032930884901
0.169705627484771
0.17
0.171464281994822
0.171464281994822
0.172336879396141
0.174068951855292
0.174355957741627
0.175499287747842
0.175499287747842
0.17578395831247
0.177482393492988
0.177482393492988
0.179443584449264
0.180277563773199
0.180554700852678
0.180554700852678
0.180831413200251
0.181659021245849
0.18165902124585
0.182208671582886
0.182756668824971
0.183575597506858
0.184932420089069
0.184932420089069
0.187082869338697
0.188414436814168
0.188414436814168
0.188679622641132
0.188944436276912
0.189208879284245
0.189208879284245
0.19
0.190787840283389
0.191049731745428
0.19131126469709
0.19157244060668
0.191833260932509
0.192093727122986
0.19313207915828
0.194164878389476
0.194422220952236
0.195703857907809
0.196977156035922
0.197989898732233
0.199749843554382
0.200748598998847
0.20174241001832
0.202977831301844
0.204450483002609
0.204450483002609
0.204450483002609
0.206155281280883
0.207364413533277
0.208566536146142
0.208566536146142
0.210237960416286
0.210237960416286
0.21095023109729
0.213541565040626
0.213541565040626
0.216794833886788
0.217025344142107
0.218174242292714
0.218860686282393
0.218860686282393
0.22113344387496
0.22113344387496
0.221359436211787
0.221810730128188
0.22248595461287
0.223830292855994
0.225831795812724
0.226715680975093
0.226936114358204
0.226936114358204
0.227596133534821
0.228254244210267
0.229782505861521
0.230434372436058
0.230867927612304
0.231732604525129
0.232379000772445
0.233023603954621
0.233666428910959
0.234520787991171
0.234946802489415
0.236008474424119
0.236643191323985
0.237065391822594
0.239374184071716
0.241867732448957
0.247790233867277
0.248394846967484
0.249198715887542
0.249399278266799
0.249399278266799
0.250199920063936
0.250998007960223
0.251594912508182
0.251793566240283
0.251992063367083
0.252388589282479
0.253968501984006
0.256515106767613
0.258843582110896
0.258843582110896
0.260576284415908
0.262678510731274
0.265894716006167
0.267020598456374
0.267207784317748
0.267581763205193
0.271661554144122
0.273313007374329
0.274226184016042
0.27495454169735
0.276767050061961
0.276947648482525
0.277488738510232
0.278926513619627
0.279284800875379
0.283901391331568
0.285131548587665
0.285306852353742
0.286705423736629
0.287228132326901
0.29086079144498
0.291547594742265
0.292232783924049
0.294108823397055
0.294788059459674
0.294788059459674
0.297153159162073
0.298496231131986
0.298998327754521
0.30347981810987
0.304795013082563
0.306920185064456
0.308706980808663
0.311448230047949
0.311929479209644
0.31543620591175
0.318433666561813
0.318433666561813
0.31890437438204
0.319061122670876
0.320936130717624
0.324191301548947
0.324499614791759
0.326343377441614
0.333016516106934
0.343074335968169
0.34322004603461
0.346410161513775
0.346554469023269
0.346554469023269
0.347419055320804
0.348425027803687
0.348568501158667
0.349857113690718
0.350856095856977
0.351852241715184
0.351852241715184
0.352987251894456
0.356510869399518
0.364142829120662
0.364142829120662
0.367287353444139
0.368510515453766
0.377491721763537
0.37868192457523
0.379209704517171
0.380263066836631
0.381444622455213
0.385097390279394
0.385616389693177
0.388072158238645
0.392173431022551
0.392173431022552
0.399124040869502
0.401497197997695
0.407430975749267
0.408656334834051
0.414969878424929
0.420119030752
0.423556371690947
0.425088226136646
0.428368999812078
0.431508980207828
0.433243580448689
0.433704968844029
0.435201102939779
0.436577599058861
0.440681290730614
0.446206230346462
0.448330235429198
0.45596052460712
0.457165178026498
0.469254728266003
0.469574275274956
0.469574275274956
0.472334627144782
0.472652091923859
0.486723740945518
0.489285192909003
0.496689037527506
0.498397431775084
0.498798556533597
0.500499750249688
0.500499750249688
0.502493781056045
0.5081338406365
0.509215082258961
0.512835256198323
0.526972485050216
0.538423625038872
0.551180551180827
0.554075807087803
0.555067563455117
0.556866231693034
0.56098128311023
0.562583327161408
0.565773806392625
0.566480361530742
0.572538208331985
0.584636639289739
0.597745765355138
0.602245796996542
0.624099351065197
0.633008688723938
0.64482555780614
0.653758365147246
0.654751861394834
0.655896333272263
0.662570750939098
0.670223843204642
0.673721010508059
0.676535291023314
0.68629439747094
0.69108610172684
0.703349130944227
0.703491293478462
0.732598116295694
0.74799732619843
0.749599893276406
0.759275970909129
0.777817459305202
0.789113426574406
0.791075217662644
0.809258920247408
0.859825563704639
0.865678924313166
0.878293800501859
0.879772697916911
0.911153115562911
0.927307931595541
1.01715288919611
1.0379788051786
1.09977270378929
1.11036030188403
1.17596768663089
1.18953772533703
1.22368296547758
1.32578278763906
1.41393069137069
1.41668627437411
1.52718695646604
1.62255970614335
1.74195292703333
