0.033166247903554
0.0346410161513776
0.0435889894354067
0.05
0.0547722557505167
0.0547722557505167
0.0640312423743284
0.0721110255092798
0.0728010988928052
0.0741619848709565
0.0774596669241484
0.0781024967590666
0.0806225774829855
0.0830662386291807
0.0836660026534075
0.0842614977317635
0.0860232526704262
0.0877496438739213
0.0883176086632785
0.0894427190999915
0.0894427190999916
0.0905538513813741
0.0905538513813741
0.0916515138991168
0.092736184954957
0.0938083151964686
0.098488578017961
0.1
0.1
0.10295630140987
0.104880884817015
0.105356537528527
0.105356537528527
0.109087121146357
0.112249721603218
0.112249721603218
0.114891252930761
0.117473401244707
0.117473401244707
0.11916375287813
0.121243556529821
0.122065556157337
0.122474487139159
0.12369316876853
0.125299640861417
0.125299640861417
0.125698050899765
0.126095202129185
0.127279220613579
0.127279220613579
0.128840987267251
0.130384048104053
0.130384048104053
0.13076696830622
0.131909059582729
0.131909059582729
0.131909059582729
0.131909059582729
0.132287565553229
0.13228756555323
0.134536240470737
0.135277492584687
0.136381816969859
0.137477270848675
0.137477270848675
0.137840487520902
0.137840487520902
0.138924439894498
0.138924439894498
0.139283882771841
0.140356688476182
0.140356688476182
0.140712472794703
0.141067359796659
0.143527000944073
0.143874945699382
0.144913767461894
0.144913767461894
0.144913767461894
0.146287388383278
0.148996644257513
0.148996644257513
0.149331845230681
0.150332963783729
0.151986841535707
0.154272486205415
0.1552417469626
0.1552417469626
0.1552417469626
0.1552417469626
0.155884572681199
0.156524758424985
0.156524758424985
0.157162336455017
0.158113883008419
0.158113883008419
0.158113883008419
0.159059737205869
0.159373774505092
0.160312195418814
0.161245154965971
0.161554944214035
0.163095064303001
0.163401346383682
0.163401346383682
0.16431676725155
0.16431676725155
0.165529453572468
0.166132477258361
0.166733320005331
0.167032930884901
0.167032930884901
0.169115345252878
0.171755640373177
0.173205080756888
0.174068951855292
0.174068951855292
0.175214154679352
0.17606816861659
0.177200451466694
0.179443584449264
0.18411952639522
0.184390889145858
0.184390889145858
0.184932420089069
0.186547581061776
0.188148877222268
0.188148877222268
0.188148877222268
0.19
0.190262975904404
0.190525588832577
0.190787840283389
0.191833260932509
0.192353840616713
0.192613602842582
0.192613602842582
0.192873015219859
0.19313207915828
0.195192212959431
0.195448202856921
0.196214168703486
0.196214168703486
0.196977156035922
0.196977156035922
0.199248588451713
0.199749843554382
0.20174241001832
0.202237484161567
0.204205778566621
0.204694894904587
0.205669638012031
0.20591260281974
0.207364413533277
0.209045449603669
0.210237960416286
0.210237960416286
0.210475651798492
0.213307290077015
0.217485631709315
0.218403296678415
0.219089023002066
0.219544984001001
0.220227155455452
0.220680764907139
0.221359436211787
0.222036033111745
0.223159136044214
0.223606797749979
0.223830292855994
0.226936114358204
0.227596133534821
0.229128784747792
0.229346898823594
0.232163735324878
0.233666428910958
0.23388031127053
0.234946802489415
0.235372045918796
0.236431808350738
0.237697286480094
0.243721152139079
0.245356882927706
0.246170672501823
0.246170672501823
0.246981780704569
0.250998007960223
0.252586618806302
0.254165300542777
0.254950975679639
0.255538646783613
0.257487863791675
0.258069758011279
0.258650343127551
0.260959767013998
0.26153393661244
0.261725046566048
0.268700576850888
0.268700576850888
0.268886593194975
0.270370116691915
0.270554985169374
0.270554985169374
0.270924343682881
0.271845544381364
0.272396769437525
0.275136329843952
0.275499546279118
0.278747197295327
0.280356915377524
0.280713376952364
0.281602556806574
0.281780056072107
0.283901391331568
0.2849561369755
0.285832118559129
0.286006992921502
0.286879765755621
0.294788059459674
0.294957624075052
0.295127091267474
0.295803989154981
0.299499582637439
0.299666481275434
0.301164406927512
0.301164406927512
0.302820078594534
0.305286750449475
0.308382878902186
0.309677251344041
0.310322412983658
0.310805405358401
0.313368792319848
0.317332633052449
0.322800247831379
0.323419232575925
0.323419232575925
0.324037034920393
0.325883414736006
0.326190128606002
0.326190128606002
0.326955654485436
0.330454232837166
0.332716095192282
0.335410196624968
0.33734255586866
0.339263909073747
0.34
0.340293990543471
0.344963766213207
0.345687720348872
0.347131099154196
0.349857113690718
0.353411940941446
0.356931365951495
0.360832371053374
0.361939221417077
0.365513337649941
0.366878726556883
0.373630833845388
0.377094152699296
0.378285606387555
0.380131556174964
0.386652298583624
0.389101529166874
0.39319206502675
0.395094925302768
0.395727178748188
0.396862696659689
0.397240481320824
0.398748040747538
0.401870625948202
0.41
0.41424630354416
0.417372735094184
0.418807831827438
0.418927201313068
0.420238027789014
0.423202079389977
0.426262829718942
0.432897216438267
0.445645599103144
0.445869936192159
0.448441746495573
0.448553229840116
0.462276973253049
0.464004310324807
0.469148164229596
0.477598157450382
0.49132473986153
0.492036584005702
0.492442890089805
0.493558507170123
0.495681349255749
0.500999001995014
0.504182506638221
0.505766744656072
0.519133894096696
0.525927751692188
0.535256947642906
0.538702144046225
0.540555270069583
0.540740233383831
0.543415126767741
0.543874985635486
0.547813836992094
0.552539591341652
0.563382640840131
0.568066897468951
0.578878225536252
0.596238207430554
0.597829407105405
0.597996655509042
0.617575906265781
0.618546683767685
0.622655603042324
0.625699608438426
0.642339474110069
0.649461315245181
0.659848467452945
0.66
0.677790528113222
0.696491205974634
0.706399320497974
0.709859140956852
0.724775827411483
0.764002617796562
0.764525996941896
0.774209274033836
0.789050061783155
0.791327997735452
0.810617048920142
0.827949273808486
0.839404550857332
0.87561407023871
0.892132277187638
0.919021218471043
0.928116372013769
0.945568612000208
1.03605019183435
1.13075196219153
1.15533544912289
1.18465184759068
1.22580585738525
1.25654287630785
1.30885446096959
1.52921548514263
1.59712241234039
1.65544555935857
