0.0547722557505165
0.0640312423743285
0.0707106781186547
0.0818535277187245
0.088881944173156
0.0916515138991168
0.0921954445729288
0.0932737905308882
0.0974679434480896
0.098488578017961
0.1
0.100995049383621
0.107238052947636
0.108627804912002
0.108627804912002
0.11
0.116189500386222
0.118321595661992
0.118743420870379
0.120830459735946
0.127671453348037
0.127671453348037
0.128452325786651
0.131909059582729
0.133416640641263
0.13490737563232
0.137477270848675
0.137477270848675
0.137840487520902
0.138924439894498
0.139283882771841
0.141067359796659
0.14142135623731
0.142126704035519
0.143178210632764
0.146969384566991
0.146969384566991
0.147648230602334
0.147986485869487
0.148323969741913
0.149331845230681
0.15
0.150332963783729
0.152970585407784
0.153948043183407
0.160934769394311
0.161864140562386
0.16431676725155
0.16431676725155
0.16431676725155
0.165529453572468
0.165529453572469
0.168226038412607
0.169410743460974
0.170293863659264
0.173493515728975
0.17464249196573
0.17464249196573
0.17464249196573
0.175499287747842
0.17606816861659
0.17606816861659
0.176351920885484
0.177200451466693
0.179443584449264
0.179722007556114
0.181659021245849
0.18411952639522
0.184661853126194
0.184661853126194
0.188148877222268
0.188414436814168
0.189472953214964
0.189472953214964
0.190787840283389
0.191833260932509
0.192093727122985
0.192353840616713
0.193390796058137
0.196468827043885
0.196977156035922
0.197737199332852
0.198997487421324
0.200748598998847
0.204205778566621
0.20712315177208
0.207364413533277
0.208086520466848
0.20952326839757
0.21095023109729
0.21095023109729
0.211896201004171
0.214476105895272
0.214941852602047
0.2151743479135
0.2151743479135
0.216794833886788
0.218632111090754
0.218860686282393
0.219089023002066
0.219317121994613
0.220454076850486
0.222036033111745
0.223606797749979
0.224499443206436
0.234520787991171
0.234946802489415
0.235584379787795
0.238746727726266
0.23895606290697
0.239374184071716
0.239582971014219
0.239582971014219
0.240416305603426
0.240416305603426
0.245153013442625
0.24738633753706
0.255929677841395
0.258843582110896
0.258843582110896
0.264764045897475
0.264764045897475
0.264952825989835
0.266645832519468
0.267207784317748
0.27
0.272213151776324
0.276224546338663
0.282488937836511
0.283019433961698
0.283372546306095
0.286181760425084
0.29086079144498
0.291547594742265
0.291890390386528
0.293598365118064
0.294278779391243
0.295803989154981
0.299499582637439
0.3
0.302985148150862
0.303973683071413
0.308220700148449
0.30967725134404
0.312089730686545
0.312729915422238
0.314483703870328
0.314483703870328
0.320936130717624
0.321091887160046
0.325115364140177
0.32649655434629
0.331963853453957
0.333616546352246
0.333766385365573
0.339705755029261
0.339852909359329
0.342490875790874
0.351425667816112
0.360693775937429
0.361939221417077
0.364005494464026
0.368917334913934
0.370809924354783
0.377094152699296
0.377094152699296
0.380525951808809
0.382099463490856
0.382883794381533
0.390640499692492
0.394334883062607
0.396862696659689
0.397240481320824
0.404722126896961
0.40853396431631
0.409145450909576
0.41146081222882
0.419761837236307
0.432666153055679
0.434971263418631
0.436806593356831
0.437149859887888
0.446766158073774
0.452769256906871
0.452990066116245
0.460868744872116
0.47021271782035
0.471274866717927
0.490407993409569
0.493659801887899
0.499399639567351
0.506557005676558
0.510881590977792
0.511272921246569
0.523641098463442
0.525166640220035
0.525927751692188
0.525927751692188
0.527351874937408
0.542402064892825
0.542494239600754
0.553714727996285
0.560535458289661
0.577494588719236
0.58172158288996
0.601581249707801
0.604731345309634
0.6134329629226
0.63221831672295
0.648228354825674
0.653911308970873
0.659772688128268
0.663777071011044
0.716240183178799
0.717286553617172
0.733143914930759
0.752794792755635
0.763282385490455
0.773757067819093
0.792338311581612
0.823953882204581
0.87091905479212
0.878578397184907
0.893476356710126
0.91032961063562
0.943133076506174
0.982140519477738
0.983564944474944
1.06798876398584
1.12222992296588
1.19079805172834
1.21725100123187
1.23571841452655
1.35624481565829
1.39319776054945
1.56246599963007
1.66859222100548
