0.03
0.062449979983984
0.0806225774829854
0.0848528137423857
0.09
0.0916515138991168
0.0921954445729289
0.0948683298050514
0.110453610171873
0.112694276695846
0.115325625946708
0.117046999107196
0.117473401244707
0.11916375287813
0.120830459735946
0.127279220613579
0.127279220613579
0.13114877048604
0.135277492584687
0.136381816969859
0.141067359796659
0.14247806848775
0.143527000944073
0.143874945699382
0.143874945699382
0.14456832294801
0.148996644257513
0.150996688705415
0.151657508881031
0.151986841535707
0.153622914957372
0.153622914957372
0.154272486205415
0.158745078663875
0.16062378404209
0.161864140562387
0.16431676725155
0.165227116418583
0.166132477258362
0.168819430161341
0.174928556845359
0.177200451466694
0.177482393492988
0.18
0.180554700852678
0.183030052177231
0.183030052177231
0.183575597506858
0.184390889145858
0.187082869338697
0.187882942280559
0.19313207915828
0.193390796058137
0.194164878389476
0.196214168703486
0.197989898732233
0.197989898732233
0.202731349327133
0.204450483002609
0.204939015319192
0.205669638012031
0.209284495364564
0.20952326839757
0.21142374511866
0.212837966537928
0.214009345590327
0.215870331449229
0.217485631709315
0.224053565024081
0.228691932520585
0.234093998214393
0.234520787991172
0.235372045918796
0.235796522451032
0.236008474424119
0.237697286480094
0.239374184071716
0.240416305603426
0.240624188310319
0.243515913237718
0.245356882927706
0.245560583156174
0.24738633753706
0.247790233867277
0.250599281722833
0.251793566240283
0.251992063367083
0.25219040425837
0.252388589282479
0.255734237050888
0.257487863791675
0.261151297144012
0.262488094968134
0.266270539113887
0.270185121722126
0.272763633939717
0.277488738510232
0.279463772249642
0.280535202782111
0.280891438103763
0.282311884269862
0.282665880502051
0.286006992921502
0.287228132326901
0.29698484809835
0.301827765455731
0.304466746952767
0.304795013082563
0.304959013639538
0.310161248385416
0.31559467676119
0.316543835826888
0.324037034920393
0.325269119345812
0.331963853453957
0.33466401061363
0.338526217596215
0.344963766213207
0.345108678534748
0.347419055320804
0.348568501158667
0.348568501158668
0.351283361405006
0.354682957019364
0.355105618091294
0.359165699921359
0.363042697213427
0.368374809127877
0.369052841744919
0.370675059857013
0.37296112397943
0.375765884561119
0.376164857476081
0.38
0.381051177665153
0.388200978875633
0.400998753115268
0.402492235949962
0.403236903073119
0.409145450909576
0.41097445176069
0.412310562561766
0.428368999812078
0.429767378938886
0.430464865000618
0.431045241245046
0.447772263544762
0.450998891351187
0.453210767744986
0.455192267069642
0.459782557302906
0.465725240887801
0.481040538832228
0.490407993409569
0.492138191974571
0.492950301754649
0.496990945591567
0.504975246918104
0.515072810387036
0.52182372502599
0.524022900262956
0.525452186216786
0.532447180478965
0.537401153701776
0.541202365109392
0.555607775323564
0.571226750073909
0.57835974963685
0.580430874437258
0.595902676617583
0.614817045957576
0.615873363606513
0.616116872029975
0.618708331930321
0.623297681689897
0.628967407740656
0.630238050263549
0.665957956630897
0.70420167565833
0.716309988761849
0.725327512231544
0.763282385490455
0.77614431647729
0.808702664766229
0.8405950273467
0.846226919921601
0.876013698523031
0.883289307078943
0.91465840618233
0.933273807625608
0.981580358401695
1.0578752289377
1.06892469332503
1.07046718772693
1.15126017910809
1.1827933040054
1.22987804273432
1.31632062963398
1.35871262598093
1.48717853669289
1.5784486054351
1.73300317368434
